"","F","L","S","Y","*","C","W","P","H","Q","R","I","M","T","N","K","V","A","D","E","G"
"g106_lig_mix",0.0264132529215986,0.060796776857436,0.0719951953154326,0.0267385701058532,0.0346087435249368,0.0571932634318461,0.0328194990115362,0.0556792873051225,0.0504742123570481,0.0466454793423588,0.0651635344460849,0.0245489352118315,0.0110357598658692,0.069993243412327,0.0383373789444709,0.0325442306248592,0.0771502214659293,0.0781762218162709,0.0273641800755737,0.0261880333324992,0.0861339806311153
"g117_lig_mix",0.0347198695024782,0.0815860468034381,0.0661898487985444,0.0353096179183136,0.0463266202396637,0.0431771127423301,0.0167890080933559,0.0397139092791267,0.0347198695024782,0.0382332643202208,0.0584854758767802,0.0447455925716795,0.0152079804253717,0.0682351464960161,0.0487358052575444,0.0583349018131627,0.0778593387289039,0.0558504297634732,0.0443566095740009,0.0351214003387916,0.0563021519543259
"g119_lig_mix",0.00805862716461506,0.0521072397245984,0.0565407886501147,0.00855414145629042,0.0111621114124765,0.0186991445858544,0.0194293761735865,0.164458585437096,0.0339557688295431,0.0216722303359065,0.110916962236595,0.00659816398915085,0.00367723763822241,0.038284998956812,0.00821510536198623,0.00717191737951179,0.0424577508867098,0.0984247861464636,0.016899645316086,0.0306175672856249,0.242097851032756
"g123_lig_mix",0.0858159046692607,0.122552893968872,0.0781098005836576,0.0475133754863813,0.0572106031128405,0.0312651994163424,0.0111411721789883,0.0320403696498054,0.0272677529182879,0.0243494649805447,0.060843263618677,0.0731547908560311,0.0173881322957198,0.0430143482490272,0.0370409776264591,0.0348218628404669,0.0814992704280156,0.0361746108949416,0.0295020671206226,0.0279973249027237,0.0412968142023346
"g125_lig_mix",0.00121235213633766,0.0233291189663832,0.0293042830669045,0.00133358734997142,0.00209563726424081,0.00985469093680181,0.0160203675158905,0.253831898716639,0.0188434160619339,0.00448570290444933,0.1026862259478,0.000831327179202965,0.000865965811669755,0.0122620758932437,0.00074473059803599,0.000762049914269385,0.0265851504182615,0.0900950830461213,0.014201839311384,0.0287847035799027,0.361869793380557
"g129_lig_mix",0.0150698710349535,0.067967094155261,0.0733735675539749,0.0114775299062399,0.00934008693465531,0.0254696986025793,0.0165606926033696,0.169863850271222,0.0324388403922837,0.0165786543090132,0.116553507921112,0.027517333045946,0.0071667205517836,0.0442217192944642,0.00711283543485289,0.00449042641089198,0.0549089341523871,0.112943205086755,0.0165606926033696,0.0156805690268348,0.15470417070805
"g148_lig_mix",0.0230447533274333,0.0753986846443507,0.0907734221805751,0.0220035747132421,0.0199559234386659,0.0282332934214865,0.00999531469623614,0.195273049091572,0.0532215801620768,0.0276953511374876,0.0765092751661548,0.016363857219706,0.00673295503843684,0.0507227514880178,0.0135179690075833,0.00827736998282055,0.0750169191524806,0.0899578322661252,0.0261509361931039,0.0216912211289847,0.0694639665434605
"g15_lig_mix",0.0554692082111437,0.0806158357771261,0.111979472140762,0.0429765395894428,0.0413636363636364,0.0635923753665689,0.0220087976539589,0.0880058651026393,0.0385043988269795,0.0342815249266862,0.0497653958944282,0.0360410557184751,0.00957478005865103,0.081466275659824,0.0423020527859237,0.0255571847507331,0.053475073313783,0.0423607038123167,0.0182844574780059,0.0143255131964809,0.048049853372434
"g4_lig_mix",1.76078037786347e-05,0.00441955874843731,0.0073600619794693,3.52156075572694e-05,0.000545841917137675,0.000528234113359041,0.011762012924128,0.337418343809977,0.00242987692145159,0.0017255647703062,0.0414839857024633,0.000281724860458155,0.00082756677759583,0.023136654165126,0.000228901449122251,0.000686704347366753,0.0245981018787527,0.0653425598225133,0.00128536967584033,0.0210061099079112,0.454880002817249
"g41_lig_mix",0.0251120383248339,0.0888772987173543,0.0603461597898316,0.0249381857518158,0.0794506258692629,0.0510740225622006,0.0433086076340597,0.0150092721372276,0.0108947612424664,0.0222531293463143,0.0674161644259002,0.0599791376912378,0.0220406428681811,0.0529864008653995,0.0410871580899397,0.0858059032607016,0.081575490650595,0.041029207232267,0.0169216504404265,0.0347125637459434,0.0751815793540411
"g43_lig_mix",0.025004229811713,0.0748797524955889,0.0763299736543156,0.0348415633384091,0.0494767118652261,0.0403644889178933,0.0217533173809006,0.046866313779518,0.0398206559833708,0.050310589031494,0.0724022913494308,0.0414521547869383,0.0152635776955986,0.0743842602663573,0.0471684431875861,0.0615860585405941,0.055362192734392,0.0559422811978827,0.0246416745220313,0.0293548932878931,0.0627945761728664
"g72_lig_mix",0.00694115466210789,0.046569586620255,0.0517600049432555,0.0062614570245721,0.0050256431381434,0.0117608288191798,0.0164157277913946,0.233486436942596,0.038475005664147,0.0103396428497868,0.0769294144301868,0.003975201334679,0.0025128215690717,0.0295771456818603,0.00253341846717884,0.00243043397664312,0.062182035385471,0.104735226874833,0.0142118596939301,0.0229449444913596,0.250932009639348
"g74_lig_mix",0.0293124199246807,0.0816282952207167,0.103272896688279,0.0451139496059324,0.0489381527351788,0.0370578871763016,0.0161315370578872,0.0461233839344644,0.0332530962456808,0.0357960942656365,0.0542765073572233,0.052315875296036,0.0181892301122025,0.0708157005862484,0.045890437550957,0.0402220755522771,0.0650308653958147,0.0628178747524945,0.0323601351089024,0.0296036029040649,0.0518499825290212
"g8_lig_mix",0.0122138280029244,0.0636208552546698,0.0781426953567384,0.0173746003985263,0.0323695113035251,0.0377596513611537,0.0263772811330763,0.0767521539057012,0.0313660277821581,0.0294164026549307,0.121607867310808,0.0212021732585977,0.0133750017919349,0.0616568946485657,0.0211161603853377,0.0207434379345442,0.0676347893401379,0.0859125249078945,0.0285849448800837,0.0324698596556618,0.12030333873303
"g80_lig_mix",0.0137051972589605,0.0619271876145625,0.0828374834325033,0.0205859958828008,0.0270014945997011,0.0263387947322411,0.0207128958574208,0.103169679366064,0.0374495925100815,0.0294125941174812,0.0936380812723837,0.023941795211641,0.0105326978934604,0.0700205859958828,0.023828995234201,0.0196694960661008,0.0621950875609825,0.102450579509884,0.0285524942895011,0.0312032937593412,0.110825977834804
"g81_lig_mix",0.0321021079094953,0.070851866176755,0.0921243473216012,0.0109746664088184,0.0166312125314253,0.0468961516147747,0.0772577837942371,0.237889189711855,0.0447689035002901,0.0143830980467995,0.1291094565848,0.00795300715528911,0.0038677238445175,0.0474521369174241,0.00655095726165152,0.00432701605105395,0.0167762521755947,0.0504737961709534,0.00667182363179269,0.00901663121253143,0.0739218719783407
"g88_lig_mix",0.0314578713968958,0.0440533382606553,0.0643015521064302,0.011040280857354,0.00888457748213846,0.0319352057156935,0.0260994087213599,0.125939270756344,0.0285784676028578,0.0103319783197832,0.0871366100024637,0.0074679724069968,0.0030949741315595,0.0338907366346391,0.00648250800689825,0.0031719635378172,0.0590970682434097,0.138211382113821,0.0217572062084257,0.0254219019462922,0.231645725548165
"g4_redo",0.018187461204221,0.0813531967721912,0.057243947858473,0.011098696461825,0.0286033519553073,0.0367349472377405,0.036300434512725,0.143997517070143,0.0320794537554314,0.0237119801365611,0.10617008069522,0.014649286157666,0.013780260707635,0.0429050279329609,0.00725015518311608,0.00705152079453755,0.0923525760397269,0.0671384233395407,0.017405338299193,0.0250527622594662,0.136933581626319
"g125_redo",0.0202730833609476,0.0945255877579805,0.0782799316866764,0.0226011742414587,0.043783402581292,0.0379376853338771,0.0259828536956319,0.103379130449559,0.0547441224201949,0.0450239181599585,0.106013101883714,0.026832521900198,0.0152685376360531,0.0538264807592635,0.0196273355254773,0.0209103345143721,0.041251391331685,0.0603009524780573,0.0230854851180614,0.0293560364677593,0.0769969326977815
"g3_lig_mix",0.0294693681208553,0.072350562930215,0.0637262200639095,0.0336154665506065,0.0721444033397854,0.030488712762424,0.0176380982923114,0.0244528180870681,0.020524332558326,0.0485963967884917,0.0627755952858174,0.0590074561051872,0.0131942137874953,0.0540825325560353,0.0523301760373836,0.171387339510486,0.0477832117373527,0.0290455956294167,0.0217727434114831,0.0341194122161011,0.0414953442292495
"g11_lig_mix",0.0215729856298955,0.0875756243091296,0.0804024580129081,0.0165392889829199,0.0812760747863502,0.0300654915431519,0.0525239798889853,0.0442097631131661,0.0143225607074513,0.0529221589625949,0.0616048399557843,0.0130151070329122,0.0124267528793696,0.0711908525786552,0.0138352370651231,0.132843236304423,0.0572961858010531,0.0354973672637372,0.0145127357873843,0.0342671722154208,0.0721001271795847
