"","F","L","S","Y","C","W","P","H","Q","R","I","M","T","N","K","V","A","D","E","G"
"g106_lig_mix",0.0273601534553372,0.0629763077401628,0.0745761833169164,0.0276971330810306,0.0592436103478667,0.0339960599305303,0.0576753590129089,0.0522836850018145,0.0483176940224999,0.067499611177355,0.0254290009850174,0.0114313857639069,0.0725024625434185,0.0397117528124838,0.0337109233241744,0.0799160143086733,0.080978796205091,0.0283451708227487,0.0271268598683187,0.0892218362797449
"g117_lig_mix",0.03640645763983,0.0855492546346855,0.0694051550596687,0.0370248542820678,0.0452745286370275,0.0176045682407273,0.0416430930358012,0.03640645763983,0.0400905227425233,0.0613265265844769,0.0469192005578727,0.0159467389445153,0.0715498072444509,0.051103245924503,0.0611686380800758,0.0816415141507572,0.0585634777574569,0.0465113219215031,0.0368274936515664,0.0590371432706604
"g119_lig_mix",0.00814959383901255,0.0526954320075957,0.0571790273235573,0.0086507015507965,0.0189102225973204,0.0196486971199494,0.166315012132081,0.0343390653022471,0.0219168688680241,0.112169005169322,0.00667264479375462,0.00371874670323874,0.0387171642578331,0.0083078383795759,0.00725287477582023,0.0429370186728558,0.0995358160143475,0.0170904103808419,0.0309631817702289,0.244830678341597
"g123_lig_mix",0.0910234087831302,0.129989682079061,0.082849680789321,0.0503965950860902,0.0331624427677823,0.0118172438253692,0.0339846520926033,0.0289224221319404,0.0258270458502612,0.0645353711227188,0.0775939898110531,0.0184432836783388,0.0456245566518347,0.0392887083252725,0.0369349326110789,0.0864448313664797,0.0383697684916489,0.0312923195976011,0.0296962662023602,0.0438027987360547
"g125_lig_mix",0.00121489812211462,0.023378111006977,0.0293658231802562,0.00133638793432608,0.00987538616404596,0.0160540108993717,0.254364955395883,0.0188829879551529,0.00449512305182408,0.102901870943108,0.000833072998021452,0.000867784372939012,0.0122878267208164,0.00074629456072755,0.000763650248186331,0.0266409802492277,0.0902842861605748,0.0142316637161998,0.0288451525564928,0.362629733763754
"g129_lig_mix",0.0152119519889763,0.0686078978859194,0.074065344308663,0.0115857417413062,0.0257098306559814,0.0167168292417594,0.171465351561084,0.0327446785364615,0.0167349602929978,0.117652391485658,0.0277767704971534,0.00723428944410197,0.0446386481488197,0.00717989629038692,0.0045327628095877,0.0554266236356384,0.11400805018675,0.0167168292417594,0.0158284077310803,0.156162744315915
"g148_lig_mix",0.0235139968482745,0.0769339731218018,0.0926217752359367,0.0224516174725995,0.0288081874037219,0.0101988420064805,0.199249251907856,0.0543052924199231,0.0282592913929564,0.0780671777891885,0.0166970625210263,0.00687005329603201,0.051755581918303,0.0137932255608478,0.00844591603661667,0.0765444340173876,0.0917895780583246,0.0266834286523718,0.0221329036598969,0.070878410680454
"g15_lig_mix",0.0578626164364704,0.0840942810382539,0.116811208492023,0.0448309090074795,0.0663362853515655,0.022958442313281,0.0918031783906147,0.0401658024748008,0.0357607182734517,0.0519126936783983,0.0375961700240138,0.0099879166093088,0.0849814160510256,0.044127319169764,0.0266599366769146,0.0557824377858334,0.0441885008947827,0.0190734027745912,0.0149436363358265,0.0501231282216002
"g4_lig_mix",1.76174201049998e-05,0.00442197244635496,0.00736408160388993,3.52348402099996e-05,0.000528522603149995,0.0117684366301399,0.337602621472112,0.00243120397448998,0.00172650717028998,0.0415066417673796,0.000281878721679997,0.000828018744934992,0.0231492900179698,0.000229026461364998,0.000687079384094993,0.0246115358866848,0.0653782460096543,0.00128607166766499,0.0210175821852648,0.455128430992565
"g41_lig_mix",0.0272794040499423,0.0965481061798342,0.0655545063477075,0.0270905466372889,0.0554821110061903,0.0470464799076697,0.0163046899590809,0.0118350645262827,0.0241737488196412,0.0732347077956143,0.0651558073654391,0.0239429230930647,0.0575595425453782,0.0446333018570979,0.0932116252229567,0.0886160948483895,0.0445703493862134,0.0183821214982688,0.0377085300598048,0.0816703388941349
"g43_lig_mix",0.0263057519198495,0.0787773991761176,0.0803031073589991,0.0366551390937293,0.0424655444235366,0.0228856227432233,0.0493058027767889,0.041893403854956,0.0529293597111326,0.0761709810303616,0.0436098255606978,0.0160580786248284,0.0782561155469664,0.0496236586482225,0.0647917408330367,0.0582439098815033,0.058854193154656,0.0259243248741291,0.0308828764684941,0.0660631643187713
"g72_lig_mix",0.00697621462727969,0.0468048108969715,0.0520214461672221,0.0062930838180802,0.0118202330925125,0.0164986440888484,0.234665783426833,0.0386693439874138,0.0103918686732772,0.0773179870412156,0.00399528018713644,0.00252551390067692,0.0297265406669841,0.00254621483428903,0.0024427101662285,0.0624961185749477,0.105264247417559,0.0142836441923531,0.023060840043886,0.252199474196286
"g74_lig_mix",0.0308207294919682,0.0858285877574347,0.10858694099157,0.0474353479068438,0.038964750066336,0.0169616067601494,0.048496724021799,0.0349641785561203,0.037638029922642,0.0570693772579756,0.0550078582654665,0.0191251811483273,0.0744596166799339,0.048251791072194,0.0422917559651379,0.0683771150980752,0.0660502520768273,0.0340252689159676,0.0311268956789745,0.0545179923662564
"g8_lig_mix",0.0126224092208773,0.0657491222092179,0.0807567519518808,0.0179558215677269,0.0390228003377828,0.0272596631061201,0.0793196936250907,0.032415295041408,0.0304004503770426,0.125675935939792,0.0219114357249737,0.0138224269989185,0.0637194625105557,0.0218225455191929,0.021437354627476,0.0698973318123231,0.0887865005407488,0.029541178387828,0.033556052682262,0.124327767818783
"g80_lig_mix",0.0140855275551756,0.0636457171011637,0.0851362905212515,0.0211572738997493,0.0270697175648847,0.0212876954511861,0.106032721318127,0.0384888489573522,0.0302288173663541,0.0962366136768734,0.0246061993710783,0.0108249887692553,0.0719637138261336,0.0244902691031345,0.0202153404727057,0.0639210514875303,0.105293665859985,0.0293448490732824,0.0320692103699625,0.113901488254815
"g81_lig_mix",0.0326450344149459,0.0720501474926254,0.0936823992133727,0.0111602753195674,0.0476892822025565,0.0785644051130777,0.241912487708948,0.0455260570304818,0.0146263520157325,0.131293018682399,0.00808751229105211,0.00393313667649951,0.0482546705998034,0.00666175024582104,0.00440019665683383,0.0170599803343166,0.0513274336283186,0.00678466076696165,0.00916912487708948,0.0751720747295968
"g88_lig_mix",0.0317398667018814,0.0444482421116411,0.0648779654170615,0.0111392483726133,0.0322214799509065,0.0263333695837929,0.127068218186338,0.0288346512964718,0.0104245964547051,0.087917721813973,0.00753491696055432,0.00312271816303385,0.0341945406807836,0.00654061863998633,0.00320039771932823,0.0596268274115618,0.139450339459661,0.0219522426087902,0.0256497894884024,0.233722248978514
"g4_redo",0.0187230018147893,0.0837486900288833,0.0589295299440227,0.0114255041791274,0.0378166296040692,0.037369322393477,0.148237609590267,0.0330240523477238,0.0244101934923191,0.109296321856708,0.0150806430999668,0.0141860286787823,0.044168391994479,0.00746364031388186,0.00725915701761112,0.0950719525598753,0.0691153541395087,0.0179178488357232,0.0257904557421466,0.140965672366639
"g125_redo",0.0212013506308868,0.0988537408921272,0.0818642260529589,0.0236360405189266,0.0396747822996268,0.0271725608672472,0.108112671050293,0.0572507552870091,0.0470854807179669,0.110867247200995,0.0280611338190865,0.015967655944553,0.0562910964990226,0.0205260351874889,0.0218677803447663,0.0431402168118002,0.0630620223920384,0.024142527101475,0.0307001954860494,0.0805224808956815
"g3_lig_mix",0.0317607268059053,0.0779761023058312,0.0686811830346122,0.036229200612255,0.032859329482052,0.0190095294524268,0.0263541203772281,0.0221201797264603,0.052374956796524,0.0676566434602281,0.0635955167135733,0.0142201155384387,0.0582876610872463,0.0563990519922974,0.184713375796178,0.0514985434256653,0.0313040043450353,0.0234656594084827,0.0367723300251815,0.0447217696143781
"g11_lig_mix",0.0234814671065399,0.0953231127498544,0.0875153632188369,0.0180024581150139,0.0327252733035772,0.0571705802445178,0.0481208357591047,0.0155896241671518,0.057603984733812,0.0670547900899153,0.0141665049485736,0.0135261013002135,0.0774888414515816,0.0150591888220454,0.144595381331263,0.0623649653923281,0.0386376867843974,0.0157966233262177,0.0372986609741898,0.0784785561808655
