"","F","L","S","Y","*","C","W","P","H","Q","R","I","M","T","N","K","V","A","D","E","G"
"106",0.0236073226287225,0.0591800005624139,0.0721858215460758,0.0257726160681646,0.0341947639267737,0.0538230083518461,0.0326200050617249,0.0566631984477377,0.0501954388234302,0.046328843395855,0.0642698461798037,0.0234385984646101,0.0112904586485194,0.0722280025871039,0.0385394111526672,0.032352858468547,0.0772334861224375,0.0829419870082394,0.0279379095076066,0.027023986951998,0.0881724360957228
"117",0.0342761145378868,0.0808133995286094,0.0658066295571937,0.0355924978687127,0.0464871370543102,0.0429140965849255,0.016736873777644,0.0395792588134998,0.0349405746953513,0.0383130234190863,0.0582092171907126,0.0446692743593601,0.015044380923725,0.0679629908229276,0.0489318489544155,0.0586856225866306,0.0781680958828544,0.0562910586229377,0.0447194222957725,0.0353668321548568,0.0564916503685873
"119",0.00793733409670536,0.0518399000676625,0.0562379638786238,0.00850986311351689,0.0111903398740436,0.0187112892312497,0.0194659865715921,0.164445948056004,0.0339613803154114,0.021782126685057,0.110914484984125,0.00655805964711393,0.00356529433196273,0.0383594441263728,0.00819757455889242,0.00713058866392547,0.0424712434289283,0.0986051111226773,0.0170197262270338,0.0307343985842919,0.24236194243481
"123",0.0859951232071728,0.122692231965711,0.0780741211928453,0.0474957214472867,0.0572038711436231,0.0312750844351553,0.0112378269495812,0.0319869144440911,0.0272009935329486,0.0241264937071198,0.0606115679949112,0.0731670377269905,0.0172505187271874,0.0428763990488739,0.0370757417420146,0.0347585078831387,0.0818453057082709,0.0363033304557227,0.0294425007951293,0.028064276735275,0.0413164311569509
"125",0.00117362789092164,0.0231791508457024,0.0290472903003107,0.00138073869520193,0.00203658957542285,0.00983776320331377,0.0160338280980324,0.253848809112875,0.0188988608905765,0.00440110459095616,0.102692440455644,0.000811183983431136,0.000880220918191232,0.012167759751467,0.000742147048671039,0.000759406282361063,0.0263893683120469,0.0902657921988264,0.0142043493268899,0.0287366240938902,0.362512944425267
"129",0.0151637505607896,0.0677972184836249,0.0730013458950202,0.0113593539703903,0.00929564827276806,0.0253207716464782,0.0164558097801705,0.170139075818753,0.0324629878869448,0.0165634813817856,0.116698070883804,0.0277254374158816,0.00724988784208165,0.0442171377299237,0.00708838043965904,0.00454015253476896,0.0549125168236878,0.113055181695828,0.016509645580978,0.0156303275011216,0.154813817855541
"148",0.0230188288847507,0.0751258707497069,0.0910062762949169,0.0221222153251948,0.0200013794054762,0.0280536588730257,0.0100179322711911,0.195547968825436,0.053210566245948,0.0276398372301538,0.0765742464997586,0.0163976825987999,0.00672460169666874,0.0506241809779985,0.0135181736671495,0.00829367542589144,0.0747810193806469,0.0901269053038141,0.0260535209324781,0.0218463342299469,0.069315125181047
"15",0.0608552862415966,0.0822023550546659,0.112812451755063,0.043269568146412,0.0423011606854641,0.0673815104349413,0.0232979186257035,0.0853321356893237,0.0374731582714629,0.032883749000014,0.0482659892492737,0.0350030175015087,0.00922092321511277,0.0790866093107465,0.0409117065023649,0.0245470239014189,0.0527290845040771,0.0424695793743246,0.0187225442449931,0.0137541929236081,0.0474800353679247
"4",1.75811811037465e-05,0.00423706464600292,0.0148736792137696,3.51623622074931e-05,0.000545016614216143,0.000492273070904903,0.0116211607095765,0.338701453963677,0.00233829708679829,0.00170537456706342,0.0412630320504931,0.000281298897659945,0.000826315511876088,0.0232247402380492,0.000210974173244959,0.000668084881942369,0.0241213804743403,0.0655426431547671,0.001248263858366,0.0206754689780059,0.447370734365935
"41",0.025016748014164,0.0889080294765049,0.0605225380419179,0.025016748014164,0.0792803139056369,0.0513350559862188,0.0431811656617858,0.0149487989281271,0.0108527131782946,0.0221839410469901,0.0674322901713083,0.0598717580629725,0.0219925351708297,0.0532491147478228,0.0409991386735573,0.0859795195712508,0.0815771844195617,0.0409991386735573,0.0168628576897311,0.0346444635850321,0.0751459469805723
"43",0.0251101110685561,0.0749473381846036,0.0763596323247798,0.0348405783224818,0.0493943891229414,0.0402862887782459,0.0216631558789736,0.0467373611643049,0.0398673879739563,0.0503040022979701,0.0725655878973573,0.0415070854078897,0.0152479892761394,0.0744566258138644,0.047180199157411,0.0614587322864803,0.055390654921486,0.0559412102642666,0.0246912102642666,0.0293230563002681,0.0627274032937572
"72",0.00699441250954697,0.0470112955742252,0.0520360172046469,0.00633114925433131,0.00500462274389999,0.0116171564095349,0.0163403947421313,0.236543795473731,0.0388511476464204,0.0104112232182337,0.0761546810306709,0.00393938175825059,0.00251236081521084,0.0296257587329662,0.00249226192868915,0.00245206415564578,0.0618844716002733,0.104534308799293,0.0141898138843108,0.0226514451099409,0.248422237408048
"74",0.0292625978450173,0.0813955713766244,0.103041090122677,0.0461617959464891,0.0487646169451302,0.0370901992306367,0.0160188321754608,0.0460852423877055,0.0334539051884174,0.0358653422900997,0.0541425044496756,0.0524009109873495,0.0180283630935293,0.070926872212972,0.045817304931963,0.0401140648025875,0.0651662169145088,0.0626399494746512,0.0324012937551434,0.0295496736904557,0.0516736521789057
"8",0.0121198359422676,0.0632814384854463,0.0776861615315839,0.0173424350368278,0.0321303379078382,0.0375374309921519,0.0262691057718235,0.0764514709847721,0.031236251649802,0.0292210096078793,0.12118416757731,0.0211316577494572,0.0132977591076168,0.0612803882888892,0.0209613556050693,0.025389211359153,0.0672693470331947,0.0855200601734244,0.0284404581127684,0.0323290237429573,0.119921093339767
"80",0.0137206530476481,0.0618122349419298,0.0829614435790116,0.0205394018349641,0.0268037808021731,0.0262632702275688,0.0205532610804668,0.103888904288051,0.0372120741746819,0.0292291487651412,0.0931618482689802,0.023824043019098,0.0104775896000222,0.0704326856445935,0.0236715913185686,0.0195276769132688,0.0624359009895501,0.102322809546248,0.028813371400061,0.0310447099259916,0.111303600631982
"81",0.0319866523656298,0.0709331426528423,0.0926945536884757,0.0109402931712549,0.0166368728399476,0.0469789059706829,0.0773209391014182,0.238326778691455,0.0447622452627816,0.0140388511500417,0.129162197592659,0.00791324037659397,0.00381360982004529,0.0473364318913121,0.0066023120009534,0.00433798117030151,0.0167322130854487,0.0502681444404719,0.00662614706232869,0.00900965319985699,0.0735788344654987
"88",0.0312409603702632,0.0441210054351963,0.0640957325335323,0.0109617404807941,0.00884551558241859,0.031697699556963,0.0260645829209993,0.126577653274059,0.0284548513313947,0.0100330374678379,0.0871610614618699,0.00741439946409269,0.00307537719044502,0.0339509462113484,0.00647047181157986,0.00313627574867165,0.0590563768402783,0.138696466361159,0.021664662089125,0.0255317205365163,0.231749463331456
